0
23
0
132
175
258
104
14
241
85
87
250
109
128
0
201
20
67
207
237
76
120
40
180
155
217
0
45
223
152
58
80
192
15
168
0
209
244
28
70
255
0
251
32
188
117
90
178
162
0
7
0
39
52
74
57
150
50
121
88
176
0
78
108
125
107
18
153
224
60
105
221
8
4
22
0
146
181
182
234
66
0
42
163
9
10
34
186
71
239
0
68
243
49
101
29
26
212
0
92
122
33
51
72
140
0
187
211
0
254
148
216
235
177
133
179
0
1
37
0
6
138
135
0
43
73
24
139
38
173
0
54
261
171
257
53
156
48
115
0
116
200
65
62
12
27
0
205
233
106
193
81
231
13
225
0
149
260
158
91
77
96
240
206
0
55
220
253
35
248
123
246
167
238
0
5
25
0
21
0
119
197
256
137
147
227
214
247
218
194
86
56
136
199
195
113
0
134
61
63
166
93
160
0
142
75
100
222
151
170
84
0
154
259
102
36
127
229
219
0
196
99
46
95
202
141
185
159
184
0
215
124
190
131
97
210
31
0
245
189
103
183
69
118
79
232
0
2
203
89
130
198
228
249
0
3
110
252
230
0
11
0
44
17
143
41
213
16
145
30
94
161
114
0
112
226
64
129
19
157
83
144
172
111
98
164
204
0
126
47
82
169
236
208
59
0
191
165
174
242
0