0
23
175
258
0
104
14
241
85
87
250
109
128
0
201
20
67
207
237
76
120
40
180
155
217
0
45
223
152
58
80
192
15
168
0
209
244
28
70
255
0
251
32
188
117
90
178
162
132
0
7
0
39
52
74
57
150
50
121
88
176
0
105
60
153
224
18
107
125
0
234
181
182
66
8
0
42
163
9
10
34
186
71
239
0
68
243
49
101
29
221
26
212
0
92
122
33
51
72
140
0
187
211
78
108
146
4
22
0
254
148
216
235
177
133
179
0
1
37
0
6
138
135
0
43
73
24
139
38
173
0
54
261
171
257
53
156
48
115
0
116
200
65
62
12
27
0
205
233
106
193
81
231
13
225
0
149
260
158
91
77
96
240
206
0
55
220
253
35
248
123
246
167
238
0
5
25
0
21
113
195
199
56
194
218
86
136
0
119
197
256
137
147
227
214
247
0
134
61
63
166
93
160
0
142
75
100
222
151
170
84
0
154
259
102
36
127
229
219
0
196
99
46
95
202
141
185
159
184
0
215
124
190
131
97
210
31
0
245
189
103
183
69
118
79
232
0
3
110
252
230
2
0
11
0
145
16
204
112
226
98
164
213
41
0
64
129
157
19
83
172
144
111
0
249
228
198
130
143
17
44
161
30
94
114
0
89
203
191
165
174
242
0
126
47
82
169
236
208
59
0